0
0.0002692
0.0002692
0.11008511
0.0002692
0.0002692
0.0002692
0.01921926
0.01538781
0.04620229
0.0002692
0.01640332
0.0002692
0.00602797
0.00514711
0.0002692
0.0002692
0.0002692
0.00313975
0.00993271
0.00196898
0.00609105
0.00738735
0.0002692
0.00408419
0.00122903
0.00155348
0.00126291
0.00234026
0.00134553
0.00127276
0.0053426
0.00172555
0.00115036
0.00187337
0.0002692
0.00129142
0.00280836
0.00282256
0.00144555
0.00164101
0.0007253
0.00112277
0.00156447
0.00205092
0.00126183
0.00181874
0.00075334
0.00132989
0.00068544
