0
0.00000303
0.00000091
0.00000074
0.00000053
0.00000037
0.00000033
0.00000034
0.00000032
0.00000027
0.00000027
0.0000001
0.00000025
0.0000002
0.00000019
0.0000001
0.00000023
0.00000012
0.00000013
0.00000013
0.00000017
0.00000012
0.00000013
0.00000009
0.0000001
0.00000009
0.00000012
0.00000005
0.00000007
0.00000011
0.00000017
0.00000009
0.00000009
0.00000005
0.00000009
0.00000006
0.00000008
0.00000009
0.00000005
0.0000001
0.00000009
0.00000005
0.00000007
0.00000005
0.00000007
0.00000006
0.00000006
0.00000007
0.00000007
0.00000007
