0
0.00002164
0.00002271
0.00002172
0.00001985
0.00001947
0.00002292
0.00002103
0.00002069
0.0000216
0.00002015
0.00002055
0.00002243
0.00002129
0.00002071
0.00002139
0.00002102
0.00002045
0.00002019
0.0000212
0.00002203
0.00002091
0.00002174
0.00002091
0.00002217
0.00002167
0.00002077
0.00002184
0.00002085
0.00002111
0.00002082
0.00002221
0.00002107
0.00002129
0.00002074
0.00002174
0.0000214
0.00002122
0.00002083
0.00002061
0.0000219
0.00002137
0.00002087
0.00002124
0.00002103
0.00002072
0.00002079
0.00002118
0.0000221
0.00002139
