0
0.0002692
0.0002692
0.0002692
0.0002692
0.0002692
0.0050937
0.00567608
0.00203279
0.0002692
0.0002692
0.00074042
0.00202954
0.0002692
0.00100106
0.00293724
0.00407746
0.00075034
0.00143053
0.00083708
0.00445438
0.0005297
0.00134149
0.00226262
0.00053032
0.00055853
0.00209582
0.00058355
0.00114882
0.00045267
0.00057855
0.00127586
0.00067492
0.00037052
0.00031181
0.00119254
0.0008066
0.00043354
0.00083647
0.0004008
0.00098928
0.00077377
0.00066759
0.00040131
0.00092495
0.00033191
0.0002479
0.00035234
0.00036078
0.00037169
